0000000001
001000E801
0000000001
002800E801
003A032001
0032042201
0012002201
000A012201
0002022201
004000E201
0052032001
004A042201
002A002201
0022012201
001A022201
005800E201
006A082001
0062092201
0042052201
003A062201
0032072201
007000E201
0082082001
007A092201
005A052201
0052062201
004A072201
008800E201
009A0D2001
00920E2201
00720A2201
006A0B2201
00620C2201
00A000E201
00B20D2001
00AA0E2201
008A0A2201
00820B2201
007A0C2201
00B800E201
00CA122001
00C2132201
00A20F2201
009A102201
0092112201
00D000E201
00E2122001
00DA132201
00BA0F2201
00B2102201
00AA112201
00E800E201
00FA172001
00F2182201
00D2142201
00CA152201
00C2162201
010000E201
0112172001
010A182201
00EA142201
00E2152201
00DA162201
011800E201
012A1C2001
01221D2201
0102192201
00FA1A2201
00F21B2201
013000E201
01421C2001
013A1D2201
011A192201
01121A2201
010A1B2201
014800E201
015A212001
0152222201
01321E2201
012A1F2201
0122202201
016000E201
0172212001
016A222201
014A1E2201
01421F2201
013A202201
017800E201
018A262001
0182272201
0162232201
015A242201
0152252201
019000E201
01A2262001
019A272201
017A232201
0172242201
016A252201
01A800E201
01BA2B2001
01B22C2201
0192282201
018A292201
01822A2201
01C000E201
01D22B2001
01CA2C2201
01AA282201
01A2292201
019A2A2201
01D800E201
01EA302001
01E2312201
01C22D2201
01BA2E2201
01B22F2201
01F000E201
0202302001
01FA312201
01DA2D2201
01D22E2201
01CA2F2201
020800E201
002A322001
021000E201
0000000001
0012332001
021800E201
0000000001
FFF2342001
0229082241
024800E201
0239082001
0229083401
024A352201
023000E201
023000C001
024000F201
0000000001
0217FF2001
022000E201
0000000001
FFF2362001
0259082241
027800E201
0269082001
0259083401
027A372201
026000E201
026000C001
027000F201
0000000001
021FFF2001
025000E201
0000000001
FFF2382001
0289082241
02A800E201
0299082001
0289083401
02AA392201
029000E201
029000C001
02A000F201
0000000001
01F7FF2001
028000E201
0000000001
FFF23A2001
02B9082241
02D800E201
02C9082001
02B9083401
02DA3B2201
02C000E201
02C000C001
02D000F201
0000000001
020FFF2001
02B000E201
0000000001
0221082001
FF70000201
0251082001
FF68000201
0281082001
FF78000201
02B1082001
FF80000201
0000000001
0000000001
0000000001
0000000001
0000000001
0000000001
0000000001
0000000001
0000000001
0000000001
0000000001
0000000001
0000000001
0000000001
0000000001
0000000001
0000000001
0000000001
0000000001
0000000001
0000000001
0000000001
0000000001
0000000001
0000000001
0000000001
0000000001
0000000001
0000000001
0000000001
0000000001
0000000001
0000000001
0000000001
0000000001
0000000001
0000000001
0000000001
0000000001
0000000001
0000000001
0000000001
0000000001
0000000001
0000000001
0000000001
0000000001
0000000001
0000000001
0000000001
0000000001
0000000001
0000000001
0000000001
0000000001
0000000001
0000000001
0000000001
0000000001
0000000001
0000000001
0000000001
0000000001
0000000001
0000000001
0000000001
0000000001
0000000001
0000000001
0000000001
0000000001
0000000001
0000000001
0000000001
0000000001
0000000001
0000000001
0000000001
0000000001
0000000001
0000000001
0000000001
0000000001
0000000001
0000000001
0000000001
0000000001
0000000001
0000000001
0000000001
0000000001
0000000001
0000000001
0000000001
0000000001
0000000001
0000000001
0000000001
0000000001
0000000001
0000000001
0000000001
0000000001
0000000001
0000000001
0000000001
0000000001
0000000001
0000000001
0000000001
0000000001
0000000001
0000000001
0000000001
0000000001
0000000001
0000000001
0000000001
0000000001
0000000001
0000000001
0000000001
0000000001
0000000001
0000000001
0000000001
0000000001
0000000001
0000000001
0000000001
0000000001
0000000001
0000000001
0000000001
0000000001
0000000001
0000000001
0000000001
0000000001
0000000001
0000000001
0000000001
0000000001
0000000001
0000000001
0000000001
0000000001
0000000001
0000000001
0000000001
0000000001
0000000001
0000000001
0000000001
0000000001
0000000001
0000000001
0000000001
0000000001
0000000001
0000000001
0000000001
0000000001
0000000001
0000000001
0000000001
0000000001
0000000001
0000000001
0000000001
0000000001
0000000001
0000000001
0000000001
0000000001
0000000001
0000000001
0000000001
0000000001
0000000001
0000000001
0000000001
0000000001
0000000001
0000000001
0000000001
0000000001
0000000001
0000000001
0000000001
0000000001
0000000001
0000000001
0000000001
0000000001
0000000001
0000000001
0000000001
0000000001
0000000001
0000000001
0000000001
0000000001
0000000001
0000000001
0000000001
0000000001
0000000001
0000000001
0000000001
0000000001
0000000001
0000000001
0000000001
0000000001
0000000001
0000000001
0000000001
0000000001
0000000001
0000000001
0000000001
0000000001
0000000001
0000000001
0000000001
0000000001
0000000001
0000000001
0000000001
0000000001
0000000001
0000000001
0000000001
0000000001
0000000001
0000000001
0000000001
0000000001
0000000001
0000000001
0000000001
0000000001
0000000001
0000000001
0000000001
0000000001
0000000001
0000000001
0000000001
0000000001
0000000001
0000000001
0000000001
0000000001
0000000001
0000000001
0000000001
0000000001
0000000001
0000000001
0000000001
0000000001
0000000001
0000000001
0000000001
0000000001
0000000001
0000000001
0000000001
0000000001
0000000001
0000000001
0000000001
0000000001
0000000001
0000000001
0000000001
0000000001
0000000001
0000000001
0000000001
0000000001
0000000001
0000000001
0000000001
0000000001
0000000001
0000000001
0000000001
0000000001
0000000001
0000000001
0000000001
0000000001
0000000001
0000000001
0000000001
0000000001
0000000001
0000000001
0000000001
0000000001
0000000001
0000000001
0000000001
0000000001
0000000001
0000000001
0000000001
0000000001
0000000001
0000000001
0000000001
0000000001
0000000001
0000000001
0000000001
0000000001
0000000001
0000000001
0000000001
0000000001
0000000001
0000000001
0000000001
0000000001
0000000001
0000000001
0000000001
0000000001
0000000001
0000000001
0000000001
0000000001
0000000001
0000000001
0000000001
0000000001
0000000001
0000000001
0000000001
0000000001
0000000001
0000000001
0000000001
0000000001
0000000001
0000000001
0000000001
0000000001
0000000001
0000000001
0000000001
0000000001
0000000001
0000000001
0000000001
0000000001
0000000001
0000000001
0000000001
0000000001
0000000001
0000000001
0000000001
0000000001
0000000001
0000000001
0000000001
0000000001
0000000001
0000000001
0000000001
0000000001
0000000001
0000000001
0000000001
0000000001
0000000001
0000000001
0000000001
0000000001
0000000001
0000000001
0000000001
0000000001
0000000001
0000000001
0000000001
0000000001
0000000001
0000000001
0000000001
0000000001
0000000001
0000000001
0000000001
0000000001
0000000001
0000000001
0000000001
0000000001
0000000001
0000000001
0000000001
0000000001
0000000001
0000000001
0000000001
0000000001
0000000001
0000000001
0000000001
0000000001
0000000001
0000000001
0000000001
0000000001
0000000001
0000000001
0000000001
0000000001
0000000001
0000000001
0000000001
0000000001
0000000001
0000000001
0000000001
0000000001
0000000001
0000000001
0000000001
0000000001
0000000001
0000000001
0000000001
0000000001
0000000001
0000000001
0000000001
0000000001
0000000001
0000000001
0000000001
0000000001
0000000001
0000000001
0000000001
0000000001
0000000001
0000000001
0000000001
0000000001
0000000001
0000000001
0000000001
0000000001
0000000001
0000000001
0000000001
0000000001
0000000001
0000000001
0000000001
0000000001
0000000001
0000000001
0000000001
0000000001
0000000001
0000000001
0000000001
0000000001
0000000001
0000000001
0000000001
0000000001
0000000001
0000000001
0000000001
0000000001
0000000001
0000000001
0000000001
0000000001
0000000001
0000000001
0000000001
0000000001
0000000001
0000000001
0000000001
0000000001
0000000001
0000000001
0000000001
0000000001
0000000001
0000000001
0000000001
0000000001
0000000001
0000000001
0000000001
0000000001
0000000001
0000000001
0000000001
0000000001
0000000001
0000000001
0000000001
0000000001
0000000001
0000000001
0000000001
0000000001
0000000001
0000000001
0000000001
0000000001
0000000001
0000000001
0000000001
0000000001
0000000001
0000000001
0000000001
0000000001
0000000001
0000000001
0000000001
0000000001
0000000001
0000000001
0000000001
0000000001
0000000001
0000000001
0000000001
0000000001
0000000001
0000000001
0000000001
0000000001
0000000001
0000000001
0000000001
0000000001
0000000001
0000000001
0000000001
0000000001
0000000001
0000000001
0000000001
0000000001
0000000001
0000000001
0000000001
0000000001
0000000001
0000000001
0000000001
0000000001
0000000001
0000000001
0000000001
0000000001
0000000001
0000000001
0000000001
0000000001
0000000001
0000000001
0000000001
0000000001
0000000001
0000000001
0000000001
0000000001
0000000001
0000000001
0000000001
0000000001
0000000001
0000000001
0000000001
0000000001
0000000001
0000000001
0000000001
0000000001
0000000001
0000000001
0000000001
0000000001
0000000001
0000000001
0000000001
0000000001
0000000001
0000000001
0000000001
0000000001
0000000001
0000000001
0000000001
0000000001
0000000001
0000000001
0000000001
0000000001
0000000001
0000000001
0000000001
0000000001
0000000001
0000000001
0000000001
0000000001
0000000001
0000000001
0000000001
0000000001
0000000001
0000000001
0000000001
0000000001
0000000001
0000000001
0000000001
0000000001
0000000001
0000000001
0000000001
0000000001
0000000001
0000000001
0000000001
0000000001
0000000001
0000000001
0000000001
0000000001
0000000001
0000000001
0000000001
0000000001
0000000001
0000000001
0000000001
0000000001
0000000001
0000000001
0000000001
0000000001
0000000001
0000000001
0000000001
0000000001
0000000001
0000000001
0000000001
0000000001
0000000001
0000000001
0000000001
0000000001
0000000001
0000000001
0000000001
0000000001
0000000001
0000000001
0000000001
0000000001
0000000001
0000000001
0000000001
0000000001
0000000001
0000000001
0000000001
0000000001
0000000001
0000000001
0000000001
0000000001
0000000001
0000000001
0000000001
0000000001
0000000001
0000000001
0000000001
0000000001
0000000001
0000000001
0000000001
0000000001
0000000001
0000000001
0000000001
0000000001
0000000001
0000000001
0000000001
0000000001
0000000001
0000000001
0000000001
0000000001
0000000001
0000000001
0000000001
0000000001
0000000001
0000000001
0000000001
0000000001
0000000001
0000000001
0000000001
0000000001
0000000001
0000000001
0000000001
0000000001
0000000001
0000000001
0000000001
0000000001
0000000001
0000000001
0000000001
0000000001
0000000001
0000000001
0000000001
0000000001
0000000001
0000000001
0000000001
0000000001
0000000001
0000000001
0000000001
0000000001
0000000001
0000000001
0000000001
0000000001
0000000001
0000000001
0000000001
0000000001
0000000001
0000000001
0000000001
0000000001
0000000001
0000000001
0000000001
0000000001
0000000001
0000000001
0000000001
0000000001
0000000001
0000000001
0000000001
0000000001
0000000001
0000000001
0000000001
0000000001
0000000001
0000000001
0000000001
0000000001
0000000001
0000000001
0000000001
0000000001
0000000001
0000000001
0000000001
0000000001
0000000001
0000000001
0000000001
0000000001
0000000001
0000000001
0000000001
0000000001
0000000001
0000000001
0000000001
0000000001
0000000001
0000000001
0000000001
0000000001
0000000001
0000000001
0000000001
0000000001
0000000001
0000000001
0000000001
0000000001
0000000001
0000000001
0000000001
0000000001
0000000001
0000000001
0000000001
0000000001
0000000001
0000000001
0000000001
0000000001
0000000001
0000000001
0000000001
0000000001
0000000001
0000000001
0000000001
